30.720791 76.747666
30.720783 76.748072
30.721047 76.748144
30.721256 76.748433
30.721289 76.748888
30.721553 76.749309
30.721942 76.749609
30.722189 76.749979
30.722584 76.750636
30.722463 76.750981
30.722359 76.751211
30.722244 76.751555
30.721916 76.751606
30.721738 76.751779
30.721469 76.751971
30.721204 76.752182
30.721094 76.752476
30.720803 76.752549
30.720631 76.752897
30.720252 76.753190
30.719879 76.753302
30.719553 76.753557
30.719316 76.753363
30.719193 76.753189
30.718953 76.752839
30.718778 76.752550
30.718441 76.752045
30.718375 76.751621
30.718162 76.751305
30.717869 76.750754
30.717480 76.750372