1426552020	1426552042
1426552055	1426552026
1426552010	1426552034
1426552034	1426552050
1426552037	1426552066
1426552066	1426333350
1426552034	1426552042
1426552042	1426552055
1426552055	1426552066
1426552066	1426552083
5526598248	5526598250
5526598250	5526598249
5526598249	1426552052
1426552052	1426552037
1426552037	1426552026
1426552026	1426552020
1426552020	1426552010
1426552010	1426551999
1427166106	1427166086
1427166086	5526610542
5526610542	6473366904
6473366904	1427166082
1427166082	1426333318
1427179264	1427179273
1427179273	1427179281
1427179281	1427179288
1427179288	1427179427
1427179427	1427179489
1427179489	1427179542
1427179542	1427179566
1427179566	1427179595
1427179595	1427179584
1427179584	1427179593
1427179593	1427179610
1427179610	1427179624
1427179624	1427179634
1427179634	1427179636
1427179636	5727918314
5727918314	1427179637
1427179637	1427179638
1427179638	1427179641
1427179641	1427179642
1427179642	1427179640
1427179640	1427179639
1427179639	1427179467
1427179467	1427179262
1427179262	1427179255
1427179255	1427179252
1427179252	1427179247
1427179247	1427179218
1427179218	1427179175
1427179175	1427179172
1427179172	1427179168
1427179168	1427179141
1427179141	1427179138
1427179138	1427179129
1427179129	1427179132
1427179132	1427179139
1427179139	1427179188
1427179188	5727953187
5727953187	1427179248
1427179248	5727953423
5727953423	1427179264
1427179228	1427179230
1427179230	1427179226
1427179226	1427179219
1427179219	1427179228
1427203313	1427203335
1427203335	1427203348
1427203348	1427203390
1427203390	1427203426
1427203426	1427203497
1427203497	1427203521
1427203521	4119448149
4119448149	1427203524
1427203524	4840907037
4840907037	4840907036
4840907036	1427203565
1427203565	1427203569
1427203543	1427203557
1427203531	1427203511
1427203336	1427203352
1427203566	1427203538
1427203532	1427203516
1427203400	1427203446
1427203390	1427203371
1427203381	1427203406
1427203503	1427203463
1427203602	1427203570
1427203430	1427203533
1427203585	1427203565
1427203534	1427203558
1427203366	1427203388
1427203640	1427203648
1427203613	1427203581
1427203342	1427203358
1427203556	1427203567
1427203567	6473282204
6473282204	6473282205
6473282205	1427203561
1427203317	1427203328
1427203392	1427203367
1427203628	1427203614
4119448149	1427203544
1427203544	1427203552
1427203552	1427203558
1427203558	1427203564
1427203564	1427203573
1427203573	1427203607
1427203607	1427203611
1427203611	1427203609
1427203609	1427203604
1427203604	1427203591
1427203591	1427203578
1427203578	1427203549
1427203549	1427203541
1427203541	1427203533
1427203533	1427203507
1427203507	1427203495
1427203495	1427203482
1427203482	1427203462
1427203462	1427203448
1427203448	1427203439
1427203439	1427203399
1427203399	1427203376
1427203376	1427203368
1427203368	1427203358
1427203358	1427203348
1427203620	1427203625
1427203625	1427203632
1427203621	1427203628
1427203628	1427203642
1427203522	1427203510
1427203510	1427203501
1427203618	1427203602
1427203602	1427203577
1427203428	1427203392
1427203392	1427203383
1427203346	1427203364
1427203364	1427203376
1427203619	1427203601
1427203601	1427203585
1427203615	1427203620
1427203620	1427203634
1427203354	1427203360
1427203360	1427203377
1427203360	1427203346
1427203346	1427203337
1427203644	1427203640
1427203640	1427203635
1427203437	1427203501
1427203501	1427203518
1427203344	1427203336
1427203336	1427203328
1427203328	1427203319
1427203624	1427203619
1427203619	1427203613
1427203613	1427203583
1427203343	6473437636
6473437636	1427203372
1427203372	1427203387
1427203387	5513029961
5513029961	6473437659
6473437659	6473234890
6473234890	1427203524
1427203499	1427203511
1427203511	1427203527
1427203527	1427203552
1427203536	1427203518
1427203518	1427203505
1427203505	1427203483
1427203521	6473234889
6473234889	5513072743
5513072743	1427203379
1427203379	1427203369
1427203485	1427203467
1427203467	1427203437
1427203437	1427203408
1427203555	1427203550
1427203550	1427203523
1427203523	1427203507
1427203564	1427203542
1427203542	1427203531
1427203531	1427203513
1427203314	6243746008
6243746008	1427203322
1427203322	1427203325
1427203325	5526535569
5526535569	5526540925
5526540925	1427203318
1427203573	1427203598
1427203598	1427203621
1427203621	1427203631
1427203541	1427203553
1427203553	5524067518
5524067518	1427203588
1427203513	1427203499
1427203499	1427203470
1427203470	1427203426
1427203363	1427203367
1427203367	1427203385
1427203385	1427203399
1427203592	1427203577
1427203577	1427203559
1427203559	1427203549
1427203601	1427203581
1427203581	1427203561
1427203561	1427203552
1427203625	1427203638
1427203638	1427203644
1427203644	1427203650
1427203357	1427203352
1427203352	1427203342
1427203342	1427203335
1427203452	1427203428
1427203428	6330030918
6330030918	1427203385
1427203385	1427203377
1427203377	1427203364
1427203608	1427203585
1427203585	1427203567
1427203567	1427203557
1427203557	1427203544
1427203347	1427203359
1427203359	1427203371
1427203371	1427203389
1427203389	1427203373
1427203373	1427203347
1427203464	1427203485
1427203485	1427203522
1427203522	1427203536
1427203536	1427203550
1427203652	1427203643
1427203643	1427203632
1427203632	1427203623
1427203623	1427203592
1427203623	1427203618
1427203618	1427203615
1427203615	1427203596
1427203596	1427203578
1427203544	1427203532
1427203532	1427203517
1427203517	1427203503
1427203503	1427203470
1427203542	1427203534
1427203534	1427203527
1427203527	1427203517
1427203517	1427203497
1427203396	1427203408
1427203408	1427203452
1427203452	1427203505
1427203505	1427203523
1427203523	1427203538
1427203538	1427203553
1427203646	1427203642
1427203642	1427203635
1427203635	1427203629
1427203629	1427203596
1427203596	1427203570
1427203570	1427203559
1427203313	1427203317
1427203317	1427203334
1427203334	1427203354
1427203354	1427203363
1427203363	1427203383
1427203383	1427203396
1427203396	1427203464
1427166124	5526606228
5526606228	1427203660
1427203660	1427203655
1427203655	5526610538
5526610538	4840893117
4840893117	1427203594
1427203594	1427203493
1427203493	5522019992
5522019992	1427203481
1427203481	1427203469
1427203469	5522014418
1427203447	1427203456
1427203456	1427203468
1427203468	5522020001
5522020001	1427203484
1427203484	1427203588
1427203643	1427203638
1427203638	1427203634
1427203634	1427203629
1427203629	1427203614
1427203614	1427203598
1427203598	1427203583
1427203583	1427203561
1427203582	1427203608
1427203608	1427203624
1427203624	1427203631
1427203631	1427203636
1427203636	1427203646
1427203646	1427203648
1427203648	1427203650
1427203650	1427203652
1427203446	1427203430
1427203430	1427203406
1427203406	1427203388
1427203388	1427203368
1427203368	1427203357
1427203357	1427203344
1427203344	1427203337
1427203337	1427203334
1427203334	6243746009
1427203378	1427203395
1427203395	1427203421
1427203421	1427203394
1427203394	1427203378
1427203616	1427203630
1427203630	1427203639
1427203639	1427203627
1427203627	1427203616
1427203365	1427203374
1427203374	1427203361
1427203361	1427203349
1427203349	1427203365
1427203574	1427203605
1427203605	1427203617
1427203617	1427203595
1427203595	1427203574
1427203435	1427203455
1427203455	1427203438
1427203438	1427203419
1427203419	1427203435
1427203386	1427203393
1427203393	1427203375
1427203375	1427203370
1427203370	1427203386
1427203571	1427203580
1427203580	1427203568
1427203568	1427203560
1427203560	1427203571
1427203512	1427203528
1427203528	1427203514
1427203514	1427203502
1427203502	1427203512
1427203540	1427203529
1427203529	1427203525
1427203525	1427203537
1427203537	1427203540
1427203641	1427203647
1427203647	1427203649
1427203649	1427203645
1427203645	1427203641
1427203579	1427203612
1427203612	1427203584
1427203584	1427203563
1427203563	1427203579
1427203530	1427203535
1427203535	1427203554
1427203554	1427203551
1427203551	1427203530
1427203520	1427203506
1427203506	1427203504
1427203504	1427203515
1427203515	1427203520
1427203622	1427203633
1427203633	1427203637
1427203637	1427203626
1427203626	1427203622
1427203338	1427203345
1427203345	1427203355
1427203355	1427203351
1427203351	1427203338
1427203545	1427203548
1427203548	1427203593
1427203593	1427203599
1427203599	1427203610
1427203610	1427203590
1427203590	1427203545
1427203398	1427203450
1427203450	1427203444
1427203444	1427203539
1427203539	1427203547
1427203547	1427203413
1427203413	1427203398
1427203562	1427203600
1427203600	1427203603
1427203603	1427203597
1427203597	1427203587
1427203587	1427203546
1427203546	1427203508
1427203508	1427203562
1428088533	1428088521
1428088521	1428088510
1428088510	1428088498
1428390754	1428390721
1428390721	1428312436
1428312436	1428390673
1428390673	1428390671
1428390671	1428390670
1428390670	1428390664
1428390664	1428390635
1428390635	1428390631
1428390631	1428390633
1428390633	1428390636
1428390636	1428390649
1428390649	4840893327
4840893327	1428390690
1428390690	1428390743
1428390743	1428390749
1428390749	1428390756
1428390756	1428390764
1428390764	1428390907
1428390907	1428390949
1428390949	1428390952
1428390952	1428390985
1428390985	1428391134
1428391134	1428391187
1428391187	1428391191
1428391191	1428391183
1428391183	1428391158
1428391158	1428391126
1428391126	1428390922
1428390922	2795623876
2795623876	1428390825
1428390825	1428390811
1428390811	1428390785
1428390785	1428390761
1428390761	1428390754
1428390738	1428390713
1428390713	1428390703
1428390674	1428390680
1428390680	1428390700
1428390681	1428390692
1428390692	1428390711
5524133636	1428390663
1428390663	4840893329
4840893329	1427203594
1428390691	1428390702
1428390702	1428390723
1428390680	1428390692
1428390692	1428390702
1428390702	1428390713
1428390713	1428390727
1428390727	1428390746
1428390660	1428390683
1428390683	1428390693
1428390693	1428390667
1428390667	1428390660
3610846853	3610846854
3610846854	3610846855
3610846855	3610846856
3610846856	3610846857
3610846857	3610846858
3610846858	3610846859
3610846859	3610846860
3610846860	3610846853
1428088509	1428088533
1428088533	1428088539
1428088539	1428088542
1428088542	1428088544
3931791918	3931791919
3931791919	3931791923
3931791923	3931791921
3931791921	3931791918
3931791919	3931791920
3931791920	3931791925
3931791925	3931791923
3931791923	3931791919
3931798762	3931798767
3931798767	3931798778
3931798778	3931798773
3931798773	3931798762
3931798736	3931798740
3931798740	3931798750
3931798750	3931798746
3931798746	3931798736
3931798753	3931798756
3931798756	3931798862
3931798862	3931798860
3931798860	3931798753
3931798055	3931798759
3931798759	3931798769
3931798769	3931798765
3931798765	3931798055
3931798049	3931798053
3931798053	3931798763
3931798763	3931798758
3931798758	3931798049
3931798040	3931798043
3931798043	3931798052
3931798052	3931798048
3931798048	3931798040
3931798775	3931798780
3931798780	3931798743
3931798743	3931798738
3931798738	3931798775
3931798737	3931798742
3931798742	3931798752
3931798752	3931798748
3931798748	3931798737
3931798767	3931798772
3931798772	3931798735
3931798735	3931798778
3931798778	3931798767
3931798740	3931798745
3931798745	3931798754
3931798754	3931798750
3931798750	3931798740
3931798756	3931798859
3931798859	3931798863
3931798863	3931798862
3931798862	3931798756
3931798759	3931798764
3931798764	3931798774
3931798774	3931798769
3931798769	3931798759
3931798033	3931798034
3931798034	3931798038
3931798038	3931798036
3931798036	3931798033
3931798043	3931798047
3931798047	3931798056
3931798056	3931798052
3931798052	3931798043
3931798039	3931798042
3931798042	3931798050
3931798050	3931798046
3931798046	3931798039
3931798742	3931798747
3931798747	3931798755
3931798755	3931798752
3931798752	3931798742
3931798772	3931798777
3931798777	3931798739
3931798739	3931798735
3931798735	3931798772
3931798745	3931798749
3931798749	3931798857
3931798857	3931798754
3931798754	3931798745
3931798859	3931798861
3931798861	3931798864
3931798864	3931798863
3931798863	3931798859
3931798034	3931798035
3931798035	3931798041
3931798041	3931798038
3931798038	3931798034
3931798761	3931798766
3931798766	3931798776
3931798776	3931798771
3931798771	3931798761
3931798047	3931798051
3931798051	3931798760
3931798760	3931798056
3931798056	3931798047
3931798053	3931798757
3931798757	3931798768
3931798768	3931798763
3931798763	3931798053
3931798747	3931798751
3931798751	3931798858
3931798858	3931798755
3931798755	3931798747
3931798777	3931798782
3931798782	3931798744
3931798744	3931798739
3931798739	3931798777
3931798042	3931798045
3931798045	3931798054
3931798054	3931798050
3931798050	3931798042
3931798035	3931798037
3931798037	3931798044
3931798044	3931798041
3931798041	3931798035
3931798766	3931798770
3931798770	3931798781
3931798781	3931798776
3931798776	3931798766
3931798051	3931798055
3931798055	3931798765
3931798765	3931798760
3931798760	3931798051
3931798757	3931798762
3931798762	3931798773
3931798773	3931798768
3931798768	3931798757
3931798779	3931798736
3931798736	3931798746
3931798746	3931798741
3931798741	3931798779
3931798749	3931798753
3931798753	3931798860
3931798860	3931798857
3931798857	3931798749
3931798045	3931798049
3931798049	3931798758
3931798758	3931798054
3931798054	3931798045
3931798037	3931798040
3931798040	3931798048
3931798048	3931798044
3931798044	3931798037
3931798770	3931798775
3931798775	3931798738
3931798738	3931798781
3931798781	3931798770
3931798780	3931798737
3931798737	3931798748
3931798748	3931798743
3931798743	3931798780
3933405619	3933405623
3933405623	3933405633
3933405633	3933405629
3933405629	3933405619
3933405602	3933405606
3933405606	3933405616
3933405616	3933405612
3933405612	3933405602
3933405623	3933405627
3933405627	3933405637
3933405637	3933405633
3933405633	3933405623
3933405622	3933405626
3933405626	3933405636
3933405636	3933405632
3933405632	3933405622
3933405643	3933405646
3933405646	3933405653
3933405653	3933405651
3933405651	3933405643
3933405592	3933405593
3933405593	3933405598
3933405598	3933405595
3933405595	3933405592
3933405603	3933405607
3933405607	3933405617
3933405617	3933405613
3933405613	3933405603
3933405593	3933405594
3933405594	3933405601
3933405601	3933405598
3933405598	3933405593
3933405607	3933405611
3933405611	3933405621
3933405621	3933405617
3933405617	3933405607
3933405606	3933405610
3933405610	3933405620
3933405620	3933405616
3933405616	3933405606
3933405627	3933405631
3933405631	3933405641
3933405641	3933405637
3933405637	3933405627
3933405597	3933405600
3933405600	3933405609
3933405609	3933405605
3933405605	3933405597
3933405594	3933405596
3933405596	3933405604
3933405604	3933405601
3933405601	3933405594
3933405611	3933405615
3933405615	3933405625
3933405625	3933405621
3933405621	3933405611
3933405626	3933405630
3933405630	3933405640
3933405640	3933405636
3933405636	3933405626
3933405646	3933405649
3933405649	3933405654
3933405654	3933405653
3933405653	3933405646
3933405610	3933405614
3933405614	3933405624
3933405624	3933405620
3933405620	3933405610
3933405631	3933405635
3933405635	3933405645
3933405645	3933405641
3933405641	3933405631
3933405630	3933405634
3933405634	3933405644
3933405644	3933405640
3933405640	3933405630
3933405649	3933405652
3933405652	3933405655
3933405655	3933405654
3933405654	3933405649
3933405634	3933405638
3933405638	3933405647
3933405647	3933405644
3933405644	3933405634
3933405596	3933405599
3933405599	3933405608
3933405608	3933405604
3933405604	3933405596
3933405615	3933405619
3933405619	3933405629
3933405629	3933405625
3933405625	3933405615
3933405614	3933405618
3933405618	3933405628
3933405628	3933405624
3933405624	3933405614
3933405635	3933405639
3933405639	3933405648
3933405648	3933405645
3933405645	3933405635
3933405618	3933405622
3933405622	3933405632
3933405632	3933405628
3933405628	3933405618
3933405639	3933405643
3933405643	3933405651
3933405651	3933405648
3933405648	3933405639
3933405600	3933405603
3933405603	3933405613
3933405613	3933405609
3933405609	3933405600
3933405638	3933405642
3933405642	3933405650
3933405650	3933405647
3933405647	3933405638
3933405599	3933405602
3933405602	3933405612
3933405612	3933405608
3933405608	3933405599
3933405954	3933407958
3933407958	3933407964
3933407964	3933407960
3933407960	3933405954
3933407967	3933407972
3933407972	3933407981
3933407981	3933407976
3933407976	3933407967
3933405937	3933405938
3933405938	3933405941
3933405941	3933405939
3933405939	3933405937
3933407958	3933407962
3933407962	3933407969
3933407969	3933407964
3933407964	3933407958
3933405943	3933405946
3933405946	3933405952
3933405952	3933405948
3933405948	3933405943
3933407972	3933407977
3933407977	3933406043
3933406043	3933407981
3933407981	3933407972
3933405946	3933405950
3933405950	3933405956
3933405956	3933405952
3933405952	3933405946
3933407983	3933406045
3933406045	3933408057
3933408057	3933406050
3933406050	3933407983
3933405938	3933405940
3933405940	3933405944
3933405944	3933405941
3933405941	3933405938
3933407977	3933407982
3933407982	3933406048
3933406048	3933406043
3933406043	3933407977
3933405950	3933405954
3933405954	3933407960
3933407960	3933405956
3933405956	3933405950
3933405940	3933405942
3933405942	3933405947
3933405947	3933405944
3933405944	3933405940
3933405942	3933405945
3933405945	3933405951
3933405951	3933405947
3933405947	3933405942
3954612629	3954612630
3954612630	3954612634
3954612634	3954612632
3954612632	3954612629
3954613100	3954613104
3954613104	3954613113
3954613113	3954613109
3954613109	3954613100
3954613108	3954613112
3954613112	3954613121
3954613121	3954613117
3954613117	3954613108
3954613116	3954613120
3954613120	3954613129
3954613129	3954613125
3954613125	3954613116
3954613079	3954613084
3954613084	3954613093
3954613093	3954613089
3954613089	3954613079
3954613086	3954613090
3954613090	3954613099
3954613099	3954613095
3954613095	3954613086
3954613057	3954613058
3954613058	3954613065
3954613065	3954613062
3954613062	3954613057
3954613118	3954613122
3954613122	3954613130
3954613130	3954613127
3954613127	3954613118
3954613092	3954613096
3954613096	3954613105
3954613105	3954613101
3954613101	3954613092
3954613071	3954613075
3954613075	3954613085
3954613085	3954613081
3954613081	3954613071
3954613078	3954613082
3954613082	3954613091
3954613091	3954613087
3954613087	3954613078
3954613110	3954613114
3954613114	3954613123
3954613123	3954613119
3954613119	3954613110
3954613124	3954613128
3954613128	3954613135
3954613135	3954613132
3954613132	3954613124
3954613063	3954613066
3954613066	3954613076
3954613076	3954613072
3954613072	3954613063
3954613120	3954613124
3954613124	3954613132
3954613132	3954613129
3954613129	3954613120
3954613064	3954613067
3954613067	3954613077
3954613077	3954613073
3954613073	3954613064
3954613104	3954613108
3954613108	3954613117
3954613117	3954613113
3954613113	3954613104
3954613090	3954613094
3954613094	3954613103
3954613103	3954613099
3954613099	3954613090
3954613058	3954613060
3954613060	3954613068
3954613068	3954613065
3954613065	3954613058
3954613122	3954613126
3954613126	3954613133
3954613133	3954613130
3954613130	3954613122
3954613096	3954613100
3954613100	3954613109
3954613109	3954613105
3954613105	3954613096
3954613075	3954613079
3954613079	3954613089
3954613089	3954613085
3954613085	3954613075
3954613082	3954613086
3954613086	3954613095
3954613095	3954613091
3954613091	3954613082
3954611956	3954613057
3954613057	3954613062
3954613062	3954613059
3954613059	3954611956
3954613114	3954613118
3954613118	3954613127
3954613127	3954613123
3954613123	3954613114
3954613128	3954613131
3954613131	3954613137
3954613137	3954613135
3954613135	3954613128
3954613088	3954613092
3954613092	3954613101
3954613101	3954613097
3954613097	3954613088
3954613066	3954613070
3954613070	3954613080
3954613080	3954613076
3954613076	3954613066
3954613067	3954613071
3954613071	3954613081
3954613081	3954613077
3954613077	3954613067
3954613074	3954613078
3954613078	3954613087
3954613087	3954613083
3954613083	3954613074
3954613106	3954613110
3954613110	3954613119
3954613119	3954613115
3954613115	3954613106
3954613102	3954613106
3954613106	3954613115
3954613115	3954613111
3954613111	3954613102
3954613094	3954613098
3954613098	3954613107
3954613107	3954613103
3954613103	3954613094
3954613060	3954613063
3954613063	3954613072
3954613072	3954613068
3954613068	3954613060
3954613061	3954613064
3954613064	3954613073
3954613073	3954613069
3954613069	3954613061
3954613006	3954613009
3954613009	3954613019
3954613019	3954613015
3954613015	3954613006
3954613030	3954613033
3954613033	3954613040
3954613040	3954613038
3954613038	3954613030
3954613024	3954613028
3954613028	3954613037
3954613037	3954613034
3954613034	3954613024
3954613004	3954613007
3954613007	3954613017
3954613017	3954613013
3954613013	3954613004
3954613001	3954613003
3954613003	3954613011
3954613011	3954613008
3954613008	3954613001
3954613022	3954613026
3954613026	3954613035
3954613035	3954613032
3954613032	3954613022
3954613016	3954613020
3954613020	3954613031
3954613031	3954613027
3954613027	3954613016
3954612997	3954612999
3954612999	3954613005
3954613005	3954613002
3954613002	3954612997
3954613039	3954613041
3954613041	3954613045
3954613045	3954613044
3954613044	3954613039
3954613014	3954613018
3954613018	3954613029
3954613029	3954613025
3954613025	3954613014
3954613009	3954613012
3954613012	3954613023
3954613023	3954613019
3954613019	3954613009
3954612995	3954612996
3954612996	3954613000
3954613000	3954612998
3954612998	3954612995
3954613033	3954613036
3954613036	3954613042
3954613042	3954613040
3954613040	3954613033
3954613007	3954613010
3954613010	3954613021
3954613021	3954613017
3954613017	3954613007
3954613003	3954613006
3954613006	3954613015
3954613015	3954613011
3954613011	3954613003
3954613026	3954613030
3954613030	3954613038
3954613038	3954613035
3954613035	3954613026
3954613020	3954613024
3954613024	3954613034
3954613034	3954613031
3954613031	3954613020
3954612999	3954613001
3954613001	3954613008
3954613008	3954613005
3954613005	3954612999
3954613041	3954613043
3954613043	3954613046
3954613046	3954613045
3954613045	3954613041
3954613018	3954613022
3954613022	3954613032
3954613032	3954613029
3954613029	3954613018
3954613012	3954613016
3954613016	3954613027
3954613027	3954613023
3954613023	3954613012
3954612996	3954612997
3954612997	3954613002
3954613002	3954613000
3954613000	3954612996
3954613036	3954613039
3954613039	3954613044
3954613044	3954613042
3954613042	3954613036
3954613010	3954613014
3954613014	3954613025
3954613025	3954613021
3954613021	3954613010
3988112333	3988112336
3988112336	3988112345
3988112345	3988112338
3988112338	3988112333
3988112392	3988112399
3988112399	3988112412
3988112412	3988112405
3988112405	3988112392
3988112389	3988112396
3988112396	3988112409
3988112409	3988112402
3988112402	3988112389
3988112443	3988112448
3988112448	3988112455
3988112455	3988112451
3988112451	3988112443
3988112462	3988112466
3988112466	3988112473
3988112473	3988112469
3988112469	3988112462
3988112403	3988112410
3988112410	3988112423
3988112423	3988112416
3988112416	3988112403
3988112464	3988112468
3988112468	3988112474
3988112474	3988112471
3988112471	3988112464
3988112450	3988112454
3988112454	3988112461
3988112461	3988112457
3988112457	3988112450
3988112452	3988112456
3988112456	3988112463
3988112463	3988112459
3988112459	3988112452
3988112370	3988112378
3988112378	3988112393
3988112393	3988112385
3988112385	3988112370
3988112344	3988112351
3988112351	3988112369
3988112369	3988112358
3988112358	3988112344
3988112386	3988112394
3988112394	3988112407
3988112407	3988112400
3988112400	3988112386
3988112337	3988112341
3988112341	3988112354
3988112354	3988112348
3988112348	3988112337
3988112413	3988112420
3988112420	3988112433
3988112433	3988112426
3988112426	3988112413
3988112350	3988112356
3988112356	3988112374
3988112374	3988112367
3988112367	3988112350
3988112334	3988112335
3988112335	3988112342
3988112342	3988112340
3988112340	3988112334
3988112364	3988112368
3988112368	3988112384
3988112384	3988112381
3988112381	3988112364
3988112380	3988112389
3988112389	3988112402
3988112402	3988112395
3988112395	3988112380
3988112353	3988112362
3988112362	3988112379
3988112379	3988112371
3988112371	3988112353
3988112438	3988112443
3988112443	3988112451
3988112451	3988112447
3988112447	3988112438
3988112458	3988112462
3988112462	3988112469
3988112469	3988112465
3988112465	3988112458
3988112396	3988112403
3988112403	3988112416
3988112416	3988112409
3988112409	3988112396
3988112418	3988112425
3988112425	3988112437
3988112437	3988112431
3988112431	3988112418
3988112445	3988112450
3988112450	3988112457
3988112457	3988112453
3988112453	3988112445
3988112448	3988112452
3988112452	3988112459
3988112459	3988112455
3988112455	3988112448
3988112359	3988112370
3988112370	3988112385
3988112385	3988112377
3988112377	3988112359
3988112347	3988112350
3988112350	3988112367
3988112367	3988112363
3988112363	3988112347
3988112372	3988112380
3988112380	3988112395
3988112395	3988112388
3988112388	3988112372
3988112346	3988112353
3988112353	3988112371
3988112371	3988112361
3988112361	3988112346
3988112432	3988112438
3988112438	3988112447
3988112447	3988112442
3988112442	3988112432
3988112411	3988112418
3988112418	3988112431
3988112431	3988112424
3988112424	3988112411
3988112440	3988112445
3988112445	3988112453
3988112453	3988112449
3988112449	3988112440
3988112475	3988112478
3988112478	3988112480
3988112480	3988112479
3988112479	3988112475
3988112351	3988112359
3988112359	3988112377
3988112377	3988112369
3988112369	3988112351
3988112429	3988112436
3988112436	3988112446
3988112446	3988112441
3988112441	3988112429
3988112408	3988112415
3988112415	3988112428
3988112428	3988112421
3988112421	3988112408
3988112434	3988112440
3988112440	3988112449
3988112449	3988112444
3988112444	3988112434
3988112362	3988112372
3988112372	3988112388
3988112388	3988112379
3988112379	3988112362
3988112339	3988112346
3988112346	3988112361
3988112361	3988112352
3988112352	3988112339
3988112425	3988112432
3988112432	3988112442
3988112442	3988112437
3988112437	3988112425
3988112472	3988112475
3988112475	3988112479
3988112479	3988112477
3988112477	3988112472
3988112460	3988112464
3988112464	3988112471
3988112471	3988112467
3988112467	3988112460
3988112422	3988112429
3988112429	3988112441
3988112441	3988112435
3988112435	3988112422
3988112401	3988112408
3988112408	3988112421
3988112421	3988112414
3988112414	3988112401
3988112427	3988112434
3988112434	3988112444
3988112444	3988112439
3988112439	3988112427
3988112335	3988112337
3988112337	3988112348
3988112348	3988112342
3988112342	3988112335
3988112406	3988112413
3988112413	3988112426
3988112426	3988112419
3988112419	3988112406
3988112336	3988112339
3988112339	3988112352
3988112352	3988112345
3988112345	3988112336
3988112466	3988112470
3988112470	3988112476
3988112476	3988112473
3988112473	3988112466
3988112410	3988112417
3988112417	3988112430
3988112430	3988112423
3988112423	3988112410
3988112468	3988112472
3988112472	3988112477
3988112477	3988112474
3988112474	3988112468
3988112454	3988112458
3988112458	3988112465
3988112465	3988112461
3988112461	3988112454
3988112456	3988112460
3988112460	3988112467
3988112467	3988112463
3988112463	3988112456
3988112378	3988112386
3988112386	3988112400
3988112400	3988112393
3988112393	3988112378
3988112415	3988112422
3988112422	3988112435
3988112435	3988112428
3988112428	3988112415
3988112394	3988112401
3988112401	3988112414
3988112414	3988112407
3988112407	3988112394
3988112420	3988112427
3988112427	3988112439
3988112439	3988112433
3988112433	3988112420
3988112399	3988112406
3988112406	3988112419
3988112419	3988112412
3988112412	3988112399
3988112356	3988112364
3988112364	3988112381
3988112381	3988112374
3988112374	3988112356
3988112368	3988112375
3988112375	3988112390
3988112390	3988112384
3988112384	3988112368
3989384689	3989384686
3989384686	3989384691
3989384691	3989384692
3989384692	3989384689
3989384416	3989384424
3989384424	3989384410
3989384410	3989384402
3989384402	3989384416
3989384678	3989384674
3989384674	3989384684
3989384684	3989384687
3989384687	3989384678
3989384611	3989384616
3989384616	3989384631
3989384631	3989384627
3989384627	3989384611
3989384395	3989384403
3989384403	3989384388
3989384388	3989384382
3989384382	3989384395
3989384375	3989384381
3989384381	3989384371
3989384371	3989384367
3989384367	3989384375
3989384676	3989384672
3989384672	3989384682
3989384682	3989384685
3989384685	3989384676
3989384686	3989384683
3989384683	3989384690
3989384690	3989384691
3989384691	3989384686
3989384607	3989384611
3989384611	3989384627
3989384627	3989384622
3989384622	3989384607
3989384436	3989384444
3989384444	3989384431
3989384431	3989384425
3989384425	3989384436
3989384666	3989384662
3989384662	3989384673
3989384673	3989384677
3989384677	3989384666
3989384409	3989384416
3989384416	3989384402
3989384402	3989384394
3989384394	3989384409
3989384657	3989384654
3989384654	3989384663
3989384663	3989384667
3989384667	3989384657
3989384387	3989384395
3989384395	3989384382
3989384382	3989384376
3989384376	3989384387
3989384393	3989384401
3989384401	3989384386
3989384386	3989384380
3989384380	3989384393
3989384370	3989384375
3989384375	3989384367
3989384367	3989384363
3989384363	3989384370
3989384600	3989384607
3989384607	3989384622
3989384622	3989384617
3989384617	3989384600
3989384581	3989384588
3989384588	3989384608
3989384608	3989384602
3989384602	3989384581
3989384430	3989384436
3989384436	3989384425
3989384425	3989384417
3989384417	3989384430
3989384401	3989384409
3989384409	3989384394
3989384394	3989384386
3989384386	3989384401
3989384660	3989384657
3989384657	3989384667
3989384667	3989384671
3989384671	3989384660
3989384637	3989384640
3989384640	3989384647
3989384647	3989384646
3989384646	3989384637
3989384626	3989384630
3989384630	3989384641
3989384641	3989384639
3989384639	3989384626
3989384381	3989384387
3989384387	3989384376
3989384376	3989384371
3989384371	3989384381
3989384455	3989384562
3989384562	3989384582
3989384582	3989384576
3989384576	3989384455
3989384366	3989384370
3989384370	3989384363
3989384363	3989384360
3989384360	3989384366
3989384664	3989384660
3989384660	3989384671
3989384671	3989384675
3989384675	3989384664
3989384595	3989384600
3989384600	3989384617
3989384617	3989384612
3989384612	3989384595
3989384574	3989384581
3989384581	3989384602
3989384602	3989384596
3989384596	3989384574
3989384424	3989384430
3989384430	3989384417
3989384417	3989384410
3989384410	3989384424
3989384650	3989384648
3989384648	3989384652
3989384652	3989384655
3989384655	3989384650
3989384656	3989384653
3989384653	3989384661
3989384661	3989384665
3989384665	3989384656
3989384632	3989384637
3989384637	3989384646
3989384646	3989384643
3989384643	3989384632
3989384670	3989384666
3989384666	3989384677
3989384677	3989384681
3989384681	3989384670
3989384621	3989384626
3989384626	3989384639
3989384639	3989384635
3989384635	3989384621
3989384668	3989384664
3989384664	3989384675
3989384675	3989384679
3989384679	3989384668
3989384588	3989384595
3989384595	3989384612
3989384612	3989384608
3989384608	3989384588
3989384680	3989384676
3989384676	3989384685
3989384685	3989384688
3989384688	3989384680
3989384567	3989384574
3989384574	3989384596
3989384596	3989384589
3989384589	3989384567
3989384651	3989384650
3989384650	3989384655
3989384655	3989384658
3989384658	3989384651
3989384659	3989384656
3989384656	3989384665
3989384665	3989384669
3989384669	3989384659
3989384411	3989384418
3989384418	3989384404
3989384404	3989384396
3989384396	3989384411
3989384630	3989384632
3989384632	3989384643
3989384643	3989384641
3989384641	3989384630
3989384674	3989384670
3989384670	3989384681
3989384681	3989384684
3989384684	3989384674
3989384616	3989384621
3989384621	3989384635
3989384635	3989384631
3989384631	3989384616
3989384403	3989384411
3989384411	3989384396
3989384396	3989384388
3989384388	3989384403
3989384672	3989384668
3989384668	3989384679
3989384679	3989384682
3989384682	3989384672
3989384683	3989384680
3989384680	3989384688
3989384688	3989384690
3989384690	3989384683
3989384562	3989384567
3989384567	3989384589
3989384589	3989384582
3989384582	3989384562
3989384653	3989384651
3989384651	3989384658
3989384658	3989384661
3989384661	3989384653
3989384444	3989384450
3989384450	3989384437
3989384437	3989384431
3989384431	3989384444
3989384662	3989384659
3989384659	3989384669
3989384669	3989384673
3989384673	3989384662
3989387137	3989387135
3989387135	3989387131
3989387131	3989387134
3989387134	3989387137
3989387090	3989387096
3989387096	3989387107
3989387107	3989387101
3989387101	3989387090
3989387072	3989387077
3989387077	3989387088
3989387088	3989387083
3989387083	3989387072
3989387132	3989387129
3989387129	3989387124
3989387124	3989387128
3989387128	3989387132
3989387113	3989387108
3989387108	3989387099
3989387099	3989387104
3989387104	3989387113
3989387126	3989387121
3989387121	3989387114
3989387114	3989387119
3989387119	3989387126
3989387115	3989387120
3989387120	3989387130
3989387130	3989387127
3989387127	3989387115
3989387062	3989387060
3989387060	3989387057
3989387057	3989387058
3989387058	3989387062
3989387139	3989387137
3989387137	3989387134
3989387134	3989387136
3989387136	3989387139
3989387074	3989387069
3989387069	3989387064
3989387064	3989387067
3989387067	3989387074
3989387141	3989387139
3989387139	3989387136
3989387136	3989387138
3989387138	3989387141
3989387150	3989387149
3989387149	3989387146
3989387146	3989387148
3989387148	3989387150
3989387129	3989387126
3989387126	3989387119
3989387119	3989387124
3989387124	3989387129
3989387110	3989387115
3989387115	3989387127
3989387127	3989387122
3989387122	3989387110
3989387066	3989387071
3989387071	3989387082
3989387082	3989387078
3989387078	3989387066
3989387065	3989387062
3989387062	3989387058
3989387058	3989387061
3989387061	3989387065
3989387079	3989387074
3989387074	3989387067
3989387067	3989387070
3989387070	3989387079
3989387059	3989387063
3989387063	3989387073
3989387073	3989387068
3989387068	3989387059
3989387106	3989387111
3989387111	3989387123
3989387123	3989387117
3989387117	3989387106
3989387143	3989387141
3989387141	3989387138
3989387138	3989387140
3989387140	3989387143
3989387149	3989387147
3989387147	3989387144
3989387144	3989387146
3989387146	3989387149
3989387093	3989387089
3989387089	3989387080
3989387080	3989387085
3989387085	3989387093
3989387063	3989387066
3989387066	3989387078
3989387078	3989387073
3989387073	3989387063
3989387069	3989387065
3989387065	3989387061
3989387061	3989387064
3989387064	3989387069
3989387084	3989387079
3989387079	3989387070
3989387070	3989387075
3989387075	3989387084
3989387100	3989387106
3989387106	3989387117
3989387117	3989387112
3989387112	3989387100
3989387081	3989387086
3989387086	3989387097
3989387097	3989387094
3989387094	3989387081
3989387145	3989387143
3989387143	3989387140
3989387140	3989387142
3989387142	3989387145
3989387103	3989387098
3989387098	3989387091
3989387091	3989387095
3989387095	3989387103
3989387118	3989387113
3989387113	3989387104
3989387104	3989387109
3989387109	3989387118
3989387089	3989387084
3989387084	3989387075
3989387075	3989387080
3989387080	3989387089
3989387096	3989387100
3989387100	3989387112
3989387112	3989387107
3989387107	3989387096
3989387077	3989387081
3989387081	3989387094
3989387094	3989387088
3989387088	3989387077
3989387147	3989387145
3989387145	3989387142
3989387142	3989387144
3989387144	3989387147
3989387086	3989387092
3989387092	3989387102
3989387102	3989387097
3989387097	3989387086
3989387108	3989387103
3989387103	3989387095
3989387095	3989387099
3989387099	3989387108
3989387071	3989387076
3989387076	3989387087
3989387087	3989387082
3989387082	3989387071
3989387121	3989387118
3989387118	3989387109
3989387109	3989387114
3989387114	3989387121
3989387120	3989387125
3989387125	3989387133
3989387133	3989387130
3989387130	3989387120
3989387105	3989387110
3989387110	3989387122
3989387122	3989387116
3989387116	3989387105
4840893117	4840893118
4840893118	4840893119
4840893119	4840893120
4840893120	4840893321
4840893321	4840893322
4840893322	4840893323
4840893323	4840893324
4840893324	4840893325
4840893325	4840893326
4840893326	4840893327
4840893327	4840893328
4840893328	4840893329
1427203556	4840907036
1427203543	4840907037
1428390776	6473366904
6473366904	5336318687
3610846861	5513029958
5513029958	1427203348
1427203588	5526610543
5526610543	1427203653
1427203653	1427203657
1427203657	1427166100
1427203577	5524067518
1426552037	1426552052
1426552052	1426552083
1426552083	1426552066
1426552066	1426552037
1427203464	6243118191
6243118191	6243118190
6243118190	6243118189
6243118189	6243118188
6243118188	6243118187
6243118187	6243117483
6243117483	6243118186
6243118186	6243118185
6243118185	6243117484
1427203439	6330030918
1427203561	1427203557
6473366904	1427203631